
 128 1

 AveGray = 151 

 LLDE = 41 

 RLDE = 151 

 RoadType = 0 

 0x02LeftPnt = 2 24 77 

 0x02RightPnt = 1 23 108 

 0x01LeftPnt = 2 24 77 

 0x01RightPnt = 1 24 108 

 ErrorFlag = 0 

 CircleFlag = 0 

 CircleState = 0 

 BrokenFlag = 0 

 BlockFlag = 0 

 RampFlag = 0 

 SpecElemFlag = 0 

 ML_count = 24 

 ML->count = 92 

 time = 0.000685s 

 freq = 10000000.000000s 
